  37   51
  24  155
  20   88
  82  134
 110  131
  30   92
 139  162
 128  159
  49  116
  72  116
  54  143
  18  126
  86  156
  49  159
  86  143
  79  131
  31   53
  55  132
   2   22
  49  139
  75  115
  34  125
  31  160
  22  162
  15  104
  71  127
  44  114
 109  159
  17  147
   9   43
  62   76
 136  160
  21   49
   8   48
  77  148
  35   55
  17  132
   3   80
  61  108
  12  155
 132  160
 114  158
 107  140
  16  105
  45   73
  25  104
 115  141
 104  124
  71   83
  18   76
  53   89
  23   83
  59  140
  76  142
  61  142
 137  159
 107  124
  32  132
   3   34
  13   96
  37   50
  35   72
  48   83
  15  124
 122  134
  48   75
  54  108
  17  148
  54  128
  72  141
  39  159
  73  127
  51   80
  30   85
  36  105
  20   73
  59  162
  68   82
  92  162
 116  140
  51  151
  54   70
  22  125
  50  143
 107  135
  44  128
  45   77
  53  113
   2   86
  12  132
  74  130
  16  115
  36   51
  96  136
  43   77
   2  109
  43   94
  81  139
   3   79
  13   52
