   8   76
  12   41
  30  141
  77  160
  60   96
  89  162
 122  158
  72  116
 136  159
  55   73
  15  160
  36  162
  43  112
  15  155
  60   92
 119  144
  24  108
  74  141
  75  142
  47  160
 119  160
  54  106
 120  143
  24  143
  24  122
  60  144
  49   92
  23   88
  79  155
  19   68
  45   90
 122  134
  49  159
  48  156
  24   61
  39  114
  61  109
   9  112
  60  134
 113  125
   3  143
  51  114
  49  157
  57   76
  25   82
  48   82
  90  142
  54   85
 105  122
  19  134
  15  134
   3   81
  22   71
  36   85
  57  130
  61  139
  35  128
  49  124
  22  123
  18  131
  15  143
  70  136
  17   74
  38   75
  59  134
  37   77
  68  113
  40   59
  85  155
   3  112
  47  112
  12  156
  15  156
  23   90
  50   81
  69  112
  21   89
  74  132
  55  130
  30  124
  16   69
  15  137
  60  156
  18   61
  54  159
  12   37
  88  160
  47   92
  76  160
  15  136
  61  112
 107  120
 125  143
  52  131
 106  120
  25  130
  86  147
  55   77
  73  114
  47  104
